[[1]]
[1] 7573816

[[2]]
[1] 8893844

[[3]]
[1] 5466364

[[4]]
[1] 2025786

[[5]]
[1] 1664425

[[6]]
[1] 4797548

[[7]]
[1] 6441955

[[8]]
[1] 8052560

[[9]]
[1] 7117701

[[10]]
[1] 3415230

[[11]]
[1] 1553850

[[12]]
[1] 1061537

[[13]]
[1] 1558558

[[14]]
[1] 8176310

[[15]]
[1] 555819

[[16]]
[1] 6796087

[[17]]
[1] 8955556

[[18]]
[1] 543426

[[19]]
[1] 4570771

[[20]]
[1] 6575339

[[21]]
[1] 7795578

[[22]]
[1] 9770053

[[23]]
[1] 4153441

[[24]]
[1] 2548850

[[25]]
[1] 1141462

[[26]]
[1] 4506473

[[27]]
[1] 9501384

[[28]]
[1] 351187

[[29]]
[1] 8193152

[[30]]
[1] 1828983

[[31]]
[1] 7016720

[[32]]
[1] 474953

[[33]]
[1] 251534

[[34]]
[1] 7480318

[[35]]
[1] 3580544

[[36]]
[1] 5874479

[[37]]
[1] 6265445

[[38]]
[1] 6529799

[[39]]
[1] 4733803

[[40]]
[1] 9307077

[[41]]
[1] 4141312

[[42]]
[1] 5303775

[[43]]
[1] 8588788

[[44]]
[1] 3225052

[[45]]
[1] 4813768

[[46]]
[1] 7089868

[[47]]
[1] 2036265

[[48]]
[1] 7755870

[[49]]
[1] 8515590

[[50]]
[1] 2280266

[[51]]
[1] 9678946

[[52]]
[1] 5203700

[[53]]
[1] 1416735

[[54]]
[1] 7975664

[[55]]
[1] 6331778

[[56]]
[1] 7794402

[[57]]
[1] 1109670

[[58]]
[1] 5983059

[[59]]
[1] 8292637

[[60]]
[1] 7314301

[[61]]
[1] 1375598

[[62]]
[1] 1545814

[[63]]
[1] 4696569

[[64]]
[1] 2474951

[[65]]
[1] 2048356

[[66]]
[1] 3027868

[[67]]
[1] 1074640

[[68]]
[1] 3087207

[[69]]
[1] 5763170

[[70]]
[1] 1437705

[[71]]
[1] 498265

[[72]]
[1] 2852353

[[73]]
[1] 5848060

[[74]]
[1] 9287892

[[75]]
[1] 752770

[[76]]
[1] 6514392

[[77]]
[1] 9327838

[[78]]
[1] 9596838

[[79]]
[1] 1744258

[[80]]
[1] 2285904

[[81]]
[1] 9967022

[[82]]
[1] 7506825

[[83]]
[1] 6306750

[[84]]
[1] 5272863

[[85]]
[1] 2473412

[[86]]
[1] 1092701

[[87]]
[1] 9369405

[[88]]
[1] 5683609

[[89]]
[1] 2420961

[[90]]
[1] 8379379

[[91]]
[1] 5254247

[[92]]
[1] 3978952

[[93]]
[1] 4707163

[[94]]
[1] 2918835

[[95]]
[1] 3568357

[[96]]
[1] 3103872

[[97]]
[1] 7505219

[[98]]
[1] 315248

[[99]]
[1] 5452

[[100]]
[1] 4486632

[[101]]
[1] 1353932

[[102]]
[1] 4333347

[[103]]
[1] 9760125

[[104]]
[1] 341195

[[105]]
[1] 7929531

[[106]]
[1] 8804033

[[107]]
[1] 4897841

[[108]]
[1] 7840704

[[109]]
[1] 2050225

[[110]]
[1] 6321262

[[111]]
[1] 4464474

[[112]]
[1] 1644668

[[113]]
[1] 1241953

[[114]]
[1] 9272253

[[115]]
[1] 2384349

[[116]]
[1] 7628751

[[117]]
[1] 5709944

[[118]]
[1] 509494

[[119]]
[1] 8371835

[[120]]
[1] 6292888

[[121]]
[1] 8161799

[[122]]
[1] 8363117

[[123]]
[1] 8852437

[[124]]
[1] 849106

[[125]]
[1] 6550352

[[126]]
[1] 3794857

[[127]]
[1] 240220

[[128]]
[1] 2868800

[[129]]
[1] 5628839

[[130]]
[1] 2516254

[[131]]
[1] 2606213

[[132]]
[1] 440517

[[133]]
[1] 1128635

[[134]]
[1] 5721922

[[135]]
[1] 235008

[[136]]
[1] 7512752

[[137]]
[1] 3490319

[[138]]
[1] 1555135

[[139]]
[1] 6638725

[[140]]
[1] 1830567

[[141]]
[1] 7571403

[[142]]
[1] 9267405

[[143]]
[1] 2580039

[[144]]
[1] 5645782

[[145]]
[1] 6567046

[[146]]
[1] 1037763

[[147]]
[1] 48168

[[148]]
[1] 479923

[[149]]
[1] 3695090

[[150]]
[1] 3123784

[[151]]
[1] 4694441

[[152]]
[1] 2834068

[[153]]
[1] 5715832

[[154]]
[1] 4028641

[[155]]
[1] 1471172

[[156]]
[1] 2831618

[[157]]
[1] 1104355

[[158]]
[1] 3938222

[[159]]
[1] 3685471

[[160]]
[1] 947596

[[161]]
[1] 3994393

[[162]]
[1] 9931360

[[163]]
[1] 353748

[[164]]
[1] 6845986

[[165]]
[1] 4503100

[[166]]
[1] 8785500

[[167]]
[1] 4295374

[[168]]
[1] 9628222

[[169]]
[1] 281542

[[170]]
[1] 64633

[[171]]
[1] 941554

[[172]]
[1] 4776762

[[173]]
[1] 6025009

[[174]]
[1] 1288346

[[175]]
[1] 3526905

[[176]]
[1] 2733336

[[177]]
[1] 9434063

[[178]]
[1] 7524154

[[179]]
[1] 7835718

[[180]]
[1] 7058341

[[181]]
[1] 650763

[[182]]
[1] 9580512

[[183]]
[1] 1327616

[[184]]
[1] 8434518

[[185]]
[1] 3384317

[[186]]
[1] 5389166

[[187]]
[1] 9300949

[[188]]
[1] 1917086

[[189]]
[1] 8576327

[[190]]
[1] 1089012

[[191]]
[1] 711060

[[192]]
[1] 3758803

[[193]]
[1] 3692223

[[194]]
[1] 5154819

[[195]]
[1] 9181501

[[196]]
[1] 155354

[[197]]
[1] 6922310

[[198]]
[1] 7400162

[[199]]
[1] 5648955

[[200]]
[1] 3363485

[[201]]
[1] 7161762

[[202]]
[1] 1020671

[[203]]
[1] 8844533

[[204]]
[1] 8672631

[[205]]
[1] 2509709

[[206]]
[1] 15069

[[207]]
[1] 7534368

[[208]]
[1] 6219411

[[209]]
[1] 3455865

[[210]]
[1] 6062308

[[211]]
[1] 8294050

[[212]]
[1] 6378858

[[213]]
[1] 135596

[[214]]
[1] 1088910

[[215]]
[1] 4550441

[[216]]
[1] 1620575

[[217]]
[1] 5719912

[[218]]
[1] 2427942

[[219]]
[1] 5435904

[[220]]
[1] 7793244

[[221]]
[1] 6633094

[[222]]
[1] 811415

[[223]]
[1] 688340

[[224]]
[1] 6896048

[[225]]
[1] 3329174

[[226]]
[1] 781242

[[227]]
[1] 4931852

[[228]]
[1] 8565706

[[229]]
[1] 647378

[[230]]
[1] 9525714

[[231]]
[1] 8591704

[[232]]
[1] 1105464

[[233]]
[1] 6441077

[[234]]
[1] 1626862

[[235]]
[1] 439774

[[236]]
[1] 2468997

[[237]]
[1] 7103722

[[238]]
[1] 1342126

[[239]]
[1] 3224210

[[240]]
[1] 9260338

[[241]]
[1] 9139711

[[242]]
[1] 8928576

[[243]]
[1] 7525197

[[244]]
[1] 9461654

[[245]]
[1] 2005364

[[246]]
[1] 2460697

[[247]]
[1] 9386056

[[248]]
[1] 2702906

[[249]]
[1] 5362160

[[250]]
[1] 776816

[[251]]
[1] 5440413

[[252]]
[1] 7119924

[[253]]
[1] 2232239

[[254]]
[1] 9315296

[[255]]
[1] 4320343

[[256]]
[1] 3411859

[[257]]
[1] 2729331

[[258]]
[1] 7435394

[[259]]
[1] 6746852

[[260]]
[1] 323653

[[261]]
[1] 412966

[[262]]
[1] 6173997

[[263]]
[1] 5064868

[[264]]
[1] 2235637

[[265]]
[1] 1927266

[[266]]
[1] 6311894

[[267]]
[1] 3320345

[[268]]
[1] 9637321

[[269]]
[1] 6586431

[[270]]
[1] 1213726

[[271]]
[1] 4216320

[[272]]
[1] 5886835

[[273]]
[1] 7249338

[[274]]
[1] 3538007

[[275]]
[1] 1123513

[[276]]
[1] 3729218

[[277]]
[1] 8258476

[[278]]
[1] 16541

[[279]]
[1] 1333771

[[280]]
[1] 956381

[[281]]
[1] 5759358

[[282]]
[1] 4754975

[[283]]
[1] 1073156

[[284]]
[1] 3238349

[[285]]
[1] 6508487

[[286]]
[1] 6236654

[[287]]
[1] 2491337

[[288]]
[1] 74439

[[289]]
[1] 2494826

[[290]]
[1] 9637291

[[291]]
[1] 7636974

[[292]]
[1] 9174873

[[293]]
[1] 6197569

[[294]]
[1] 3355189

[[295]]
[1] 3781510

[[296]]
[1] 1464259

[[297]]
[1] 2896153

[[298]]
[1] 1157559

[[299]]
[1] 7846018

[[300]]
[1] 7730704

[[301]]
[1] 5423471

[[302]]
[1] 5895127

[[303]]
[1] 1005760

[[304]]
[1] 1644481

[[305]]
[1] 3298043

[[306]]
[1] 1367079

[[307]]
[1] 8874940

[[308]]
[1] 8284737

[[309]]
[1] 6062338

[[310]]
[1] 1322347

[[311]]
[1] 175185

[[312]]
[1] 5482291

[[313]]
[1] 7769930

[[314]]
[1] 7915762

[[315]]
[1] 2352038

[[316]]
[1] 7405061

[[317]]
[1] 1803149

[[318]]
[1] 1480015

[[319]]
[1] 6255774

[[320]]
[1] 7421363

[[321]]
[1] 4807682

[[322]]
[1] 5863

[[323]]
[1] 6968783

[[324]]
[1] 2532050

[[325]]
[1] 2704795

[[326]]
[1] 3916450

[[327]]
[1] 9582348

[[328]]
[1] 9449583

[[329]]
[1] 7990595

[[330]]
[1] 318350

[[331]]
[1] 8969150

[[332]]
[1] 2990076

[[333]]
[1] 971884

[[334]]
[1] 6053656

[[335]]
[1] 931171

[[336]]
[1] 3475289

[[337]]
[1] 9472873

[[338]]
[1] 9151266

[[339]]
[1] 7610763

[[340]]
[1] 2971691

[[341]]
[1] 4741334

[[342]]
[1] 1207155

[[343]]
[1] 5181591

[[344]]
[1] 8962044

[[345]]
[1] 8768416

[[346]]
[1] 4884237

[[347]]
[1] 7479522

[[348]]
[1] 7571511

[[349]]
[1] 2943528

[[350]]
[1] 1101453

[[351]]
[1] 2862382

[[352]]
[1] 4263403

[[353]]
[1] 887410

[[354]]
[1] 1088017

[[355]]
[1] 1304603

[[356]]
[1] 8633921

[[357]]
[1] 6483839

[[358]]
[1] 9646840

[[359]]
[1] 473523

[[360]]
[1] 6538383

[[361]]
[1] 9469212

[[362]]
[1] 9674231

[[363]]
[1] 4285758

[[364]]
[1] 409961

[[365]]
[1] 6609944

[[366]]
[1] 2579932

[[367]]
[1] 4420543

[[368]]
[1] 9259437

[[369]]
[1] 4438173

[[370]]
[1] 8702780

[[371]]
[1] 7681560

[[372]]
[1] 9144663

[[373]]
[1] 196866

[[374]]
[1] 6330166

[[375]]
[1] 6502840

[[376]]
[1] 8148651

[[377]]
[1] 1097162

[[378]]
[1] 4868779

[[379]]
[1] 1108687

[[380]]
[1] 261468

[[381]]
[1] 6471858

[[382]]
[1] 6772932

[[383]]
[1] 6506616

[[384]]
[1] 2791365

[[385]]
[1] 4001169

[[386]]
[1] 4276567

[[387]]
[1] 3070429

[[388]]
[1] 7383304

[[389]]
[1] 4057838

[[390]]
[1] 5486833

[[391]]
[1] 4213220

[[392]]
[1] 6745723

[[393]]
[1] 5235148

[[394]]
[1] 9595575

[[395]]
[1] 1357627

[[396]]
[1] 3508460

[[397]]
[1] 1157831

[[398]]
[1] 9775667

[[399]]
[1] 5887233

[[400]]
[1] 4610988

[[401]]
[1] 18935

[[402]]
[1] 1774739

[[403]]
[1] 4411254

[[404]]
[1] 4462252

[[405]]
[1] 7490699

[[406]]
[1] 1693925

[[407]]
[1] 8667066

[[408]]
[1] 109289

[[409]]
[1] 3625543

[[410]]
[1] 2701577

[[411]]
[1] 6247932

[[412]]
[1] 2364699

[[413]]
[1] 3936871

[[414]]
[1] 2260924

[[415]]
[1] 7677422

[[416]]
[1] 5827909

[[417]]
[1] 2214925

[[418]]
[1] 2853530

[[419]]
[1] 1271249

[[420]]
[1] 9035618

[[421]]
[1] 1299615

[[422]]
[1] 7131689

[[423]]
[1] 843416

[[424]]
[1] 6590182

[[425]]
[1] 7814252

[[426]]
[1] 7007874

[[427]]
[1] 2365685

[[428]]
[1] 2113976

[[429]]
[1] 525142

[[430]]
[1] 5084602

[[431]]
[1] 2715236

[[432]]
[1] 4605383

[[433]]
[1] 611637

[[434]]
[1] 4221097

[[435]]
[1] 5887513

[[436]]
[1] 7314761

[[437]]
[1] 5763885

[[438]]
[1] 3059505

[[439]]
[1] 7425345

[[440]]
[1] 7240325

[[441]]
[1] 6603981

[[442]]
[1] 4258400

[[443]]
[1] 4818854

[[444]]
[1] 857531

[[445]]
[1] 3172217

[[446]]
[1] 2095822

[[447]]
[1] 5919463

[[448]]
[1] 1792815

[[449]]
[1] 5681226

[[450]]
[1] 6531082

[[451]]
[1] 4509106

[[452]]
[1] 1555588

[[453]]
[1] 576050

[[454]]
[1] 5490981

[[455]]
[1] 3713055

[[456]]
[1] 527634

[[457]]
[1] 8789445

[[458]]
[1] 4729306

[[459]]
[1] 2931774

[[460]]
[1] 9854656

[[461]]
[1] 7192488

[[462]]
[1] 6204339

[[463]]
[1] 1144726

[[464]]
[1] 2471362

[[465]]
[1] 2972690

[[466]]
[1] 8181831

[[467]]
[1] 8019867

[[468]]
[1] 6362603

[[469]]
[1] 7278826

[[470]]
[1] 5891986

[[471]]
[1] 2628285

[[472]]
[1] 4738203

[[473]]
[1] 5736719

[[474]]
[1] 3112036

[[475]]
[1] 5038449

[[476]]
[1] 1562204

[[477]]
[1] 6689297

[[478]]
[1] 7856375

[[479]]
[1] 8333738

[[480]]
[1] 6367919

[[481]]
[1] 7575777

[[482]]
[1] 1636705

[[483]]
[1] 7447140

[[484]]
[1] 7621653

[[485]]
[1] 1193905

[[486]]
[1] 5698578

[[487]]
[1] 9340328

[[488]]
[1] 7946635

[[489]]
[1] 7200032

[[490]]
[1] 5000326

[[491]]
[1] 3662536

[[492]]
[1] 8773854

[[493]]
[1] 3266873

[[494]]
[1] 2570764

[[495]]
[1] 5820546

[[496]]
[1] 6247500

[[497]]
[1] 2759300

[[498]]
[1] 5750852

[[499]]
[1] 3034411

[[500]]
[1] 8145811

[[501]]
[1] 5312453

[[502]]
[1] 4057423

[[503]]
[1] 5310429

[[504]]
[1] 8969148

[[505]]
[1] 9174448

[[506]]
[1] 9789092

[[507]]
[1] 7125322

[[508]]
[1] 5335506

[[509]]
[1] 3126470

[[510]]
[1] 2080071

[[511]]
[1] 3176387

[[512]]
[1] 2460352

[[513]]
[1] 8771237

[[514]]
[1] 6295314

[[515]]
[1] 2945436

[[516]]
[1] 889302

[[517]]
[1] 452997

[[518]]
[1] 2582011

[[519]]
[1] 8867942

[[520]]
[1] 7080432

[[521]]
[1] 1919475

[[522]]
[1] 6935733

[[523]]
[1] 2628313

[[524]]
[1] 7146566

[[525]]
[1] 9725292

[[526]]
[1] 1581229

[[527]]
[1] 1524382

[[528]]
[1] 6486132

[[529]]
[1] 5394129

[[530]]
[1] 166934

[[531]]
[1] 6205087

[[532]]
[1] 1854690

[[533]]
[1] 9060058

[[534]]
[1] 2049094

[[535]]
[1] 1177387

[[536]]
[1] 8470538

[[537]]
[1] 7947020

[[538]]
[1] 9693333

[[539]]
[1] 5067703

[[540]]
[1] 6901662

[[541]]
[1] 310409

[[542]]
[1] 2308897

[[543]]
[1] 1613584

[[544]]
[1] 1265193

[[545]]
[1] 203849

[[546]]
[1] 8307420

[[547]]
[1] 3436755

[[548]]
[1] 7656336

[[549]]
[1] 1248025

[[550]]
[1] 7097229

[[551]]
[1] 6422485

[[552]]
[1] 1768283

[[553]]
[1] 6069409

[[554]]
[1] 5353641

[[555]]
[1] 731832

[[556]]
[1] 408936

[[557]]
[1] 2466065

[[558]]
[1] 5341756

[[559]]
[1] 5511459

[[560]]
[1] 3553866

[[561]]
[1] 1135604

[[562]]
[1] 5389910

[[563]]
[1] 8526192

[[564]]
[1] 150134

[[565]]
[1] 5025772

[[566]]
[1] 9458482

[[567]]
[1] 8120456

[[568]]
[1] 77777

[[569]]
[1] 9121505

[[570]]
[1] 2718399

[[571]]
[1] 3022643

[[572]]
[1] 3742896

[[573]]
[1] 1645866

[[574]]
[1] 2717069

[[575]]
[1] 4349946

[[576]]
[1] 8053521

[[577]]
[1] 9416606

[[578]]
[1] 5100497

[[579]]
[1] 8673633

[[580]]
[1] 5400312

[[581]]
[1] 5100605

[[582]]
[1] 4110460

[[583]]
[1] 1875525

[[584]]
[1] 4521816

[[585]]
[1] 3497114

[[586]]
[1] 2952141

[[587]]
[1] 9879071

[[588]]
[1] 1957022

[[589]]
[1] 9032436

[[590]]
[1] 6619120

[[591]]
[1] 4021661

[[592]]
[1] 2123091

[[593]]
[1] 1640524

[[594]]
[1] 1199583

[[595]]
[1] 3180982

[[596]]
[1] 523658

[[597]]
[1] 2432178

[[598]]
[1] 503536

[[599]]
[1] 1027079

[[600]]
[1] 6809255

[[601]]
[1] 5597066

[[602]]
[1] 657404

[[603]]
[1] 3039388

[[604]]
[1] 4452733

[[605]]
[1] 2880761

[[606]]
[1] 4667625

[[607]]
[1] 6174250

[[608]]
[1] 124367

[[609]]
[1] 8539917

[[610]]
[1] 7958806

[[611]]
[1] 1370883

[[612]]
[1] 487253

[[613]]
[1] 4835806

[[614]]
[1] 9444044

[[615]]
[1] 976634

[[616]]
[1] 5377401

[[617]]
[1] 9255350

[[618]]
[1] 5161623

[[619]]
[1] 6301509

[[620]]
[1] 8149391

[[621]]
[1] 5231927

[[622]]
[1] 3779373

[[623]]
[1] 4036640

[[624]]
[1] 6324270

[[625]]
[1] 1377135

[[626]]
[1] 1104546

[[627]]
[1] 1300719

[[628]]
[1] 7005706

[[629]]
[1] 7692840

[[630]]
[1] 8792329

[[631]]
[1] 6643107

[[632]]
[1] 2368954

[[633]]
[1] 2001091

[[634]]
[1] 8359220

[[635]]
[1] 8101983

[[636]]
[1] 3324889

[[637]]
[1] 8862620

[[638]]
[1] 5522073

[[639]]
[1] 4014924

[[640]]
[1] 7715487

[[641]]
[1] 559078

[[642]]
[1] 8870645

[[643]]
[1] 1067763

[[644]]
[1] 6039145

[[645]]
[1] 6425259

[[646]]
[1] 4839082

[[647]]
[1] 5700390

[[648]]
[1] 8999941

[[649]]
[1] 1911100

[[650]]
[1] 2088036

[[651]]
[1] 4135018

[[652]]
[1] 1722165

[[653]]
[1] 2597037

[[654]]
[1] 1304605

[[655]]
[1] 6590270

[[656]]
[1] 1383461

[[657]]
[1] 7624084

[[658]]
[1] 6647350

[[659]]
[1] 7694379

[[660]]
[1] 3877498

[[661]]
[1] 8769403

[[662]]
[1] 509052

[[663]]
[1] 4317100

[[664]]
[1] 8287849

[[665]]
[1] 4625485

[[666]]
[1] 3258612

[[667]]
[1] 2888371

[[668]]
[1] 7229992

[[669]]
[1] 9453971

[[670]]
[1] 6740318

[[671]]
[1] 8646356

[[672]]
[1] 7459901

[[673]]
[1] 5831940

[[674]]
[1] 2546887

[[675]]
[1] 9473369

[[676]]
[1] 3517513

[[677]]
[1] 8565324

[[678]]
[1] 3991632

[[679]]
[1] 8589050

[[680]]
[1] 2715546

[[681]]
[1] 2809858

[[682]]
[1] 4986733

[[683]]
[1] 8313631

[[684]]
[1] 9816567

[[685]]
[1] 8926188

[[686]]
[1] 8987862

[[687]]
[1] 7398747

[[688]]
[1] 8417503

[[689]]
[1] 3304326

[[690]]
[1] 3108403

[[691]]
[1] 760675

[[692]]
[1] 4873377

[[693]]
[1] 8645744

[[694]]
[1] 1208330

[[695]]
[1] 5361243

[[696]]
[1] 3976745

[[697]]
[1] 9496472

[[698]]
[1] 9411911

[[699]]
[1] 382532

[[700]]
[1] 1362650

[[701]]
[1] 6414626

[[702]]
[1] 2332038

[[703]]
[1] 4733495

[[704]]
[1] 9614154

[[705]]
[1] 4630612

[[706]]
[1] 7689907

[[707]]
[1] 3951850

[[708]]
[1] 2725107

[[709]]
[1] 1921869

[[710]]
[1] 3485104

[[711]]
[1] 4994927

[[712]]
[1] 5420938

[[713]]
[1] 2071049

[[714]]
[1] 2027219

[[715]]
[1] 7216653

[[716]]
[1] 2620867

[[717]]
[1] 5817906

[[718]]
[1] 5160327

[[719]]
[1] 7568184

[[720]]
[1] 6138173

[[721]]
[1] 5349980

[[722]]
[1] 4887818

[[723]]
[1] 5788328

[[724]]
[1] 4096302

[[725]]
[1] 1472111

[[726]]
[1] 8257914

[[727]]
[1] 1973395

[[728]]
[1] 4088745

[[729]]
[1] 278536

[[730]]
[1] 358310

[[731]]
[1] 4837934

[[732]]
[1] 797338

[[733]]
[1] 7640433

[[734]]
[1] 3013919

[[735]]
[1] 3795620

[[736]]
[1] 9905746

[[737]]
[1] 3524102

[[738]]
[1] 2110695

[[739]]
[1] 8549341

[[740]]
[1] 4673128

[[741]]
[1] 4858425

[[742]]
[1] 5231371

[[743]]
[1] 5860006

[[744]]
[1] 3733647

[[745]]
[1] 8236579

[[746]]
[1] 4450879

[[747]]
[1] 997515

[[748]]
[1] 3010908

[[749]]
[1] 1420240

[[750]]
[1] 8824297

[[751]]
[1] 361958

[[752]]
[1] 9827886

[[753]]
[1] 4506458

[[754]]
[1] 154682

[[755]]
[1] 2695176

[[756]]
[1] 9917725

[[757]]
[1] 4565800

[[758]]
[1] 5323000

[[759]]
[1] 4436000

[[760]]
[1] 8693967

[[761]]
[1] 385407

[[762]]
[1] 7440002

[[763]]
[1] 1555199

[[764]]
[1] 5634685

[[765]]
[1] 8078820

[[766]]
[1] 5247117

[[767]]
[1] 6363193

[[768]]
[1] 9544130

[[769]]
[1] 2836929

[[770]]
[1] 8700114

[[771]]
[1] 3538731

[[772]]
[1] 5973906

[[773]]
[1] 5454944

[[774]]
[1] 687727

[[775]]
[1] 4618852

[[776]]
[1] 329578

[[777]]
[1] 8690798

[[778]]
[1] 2194096

[[779]]
[1] 1606877

[[780]]
[1] 6093374

[[781]]
[1] 9164744

[[782]]
[1] 3467575

[[783]]
[1] 3228410

[[784]]
[1] 395631

[[785]]
[1] 3860089

[[786]]
[1] 9819551

[[787]]
[1] 8803507

[[788]]
[1] 2937144

[[789]]
[1] 1006783

[[790]]
[1] 2085975

[[791]]
[1] 4335580

[[792]]
[1] 4699024

[[793]]
[1] 9562075

[[794]]
[1] 4704830

[[795]]
[1] 4146770

[[796]]
[1] 2067379

[[797]]
[1] 2885361

[[798]]
[1] 3447756

[[799]]
[1] 4673565

[[800]]
[1] 924023

[[801]]
[1] 1066762

[[802]]
[1] 5888314

[[803]]
[1] 7611332

[[804]]
[1] 7862306

[[805]]
[1] 9770822

[[806]]
[1] 9301670

[[807]]
[1] 1845835

[[808]]
[1] 2523295

[[809]]
[1] 8415573

[[810]]
[1] 4341952

[[811]]
[1] 1032018

[[812]]
[1] 9482844

[[813]]
[1] 7495937

[[814]]
[1] 2671496

[[815]]
[1] 5847879

[[816]]
[1] 7070492

[[817]]
[1] 2656626

[[818]]
[1] 9110229

[[819]]
[1] 585265

[[820]]
[1] 5019558

[[821]]
[1] 5655787

[[822]]
[1] 9798540

[[823]]
[1] 644566

[[824]]
[1] 4268188

[[825]]
[1] 1537901

[[826]]
[1] 8428487

[[827]]
[1] 628049

[[828]]
[1] 2147885

[[829]]
[1] 1372311

[[830]]
[1] 9579320

[[831]]
[1] 9604616

[[832]]
[1] 9307227

[[833]]
[1] 1626236

[[834]]
[1] 9920885

[[835]]
[1] 8798949

[[836]]
[1] 1445433

[[837]]
[1] 5888955

[[838]]
[1] 7790836

[[839]]
[1] 2672530

[[840]]
[1] 4047658

[[841]]
[1] 1761581

[[842]]
[1] 9850080

[[843]]
[1] 7786033

[[844]]
[1] 6770881

[[845]]
[1] 2571320

[[846]]
[1] 269062

[[847]]
[1] 9415229

[[848]]
[1] 9341074

[[849]]
[1] 9854948

[[850]]
[1] 7597728

[[851]]
[1] 8100022

[[852]]
[1] 9087768

[[853]]
[1] 622175

[[854]]
[1] 4878115

[[855]]
[1] 5966147

[[856]]
[1] 3925934

[[857]]
[1] 1500065

[[858]]
[1] 6108026

[[859]]
[1] 8474273

[[860]]
[1] 6625632

[[861]]
[1] 9493584

[[862]]
[1] 100475

[[863]]
[1] 2275347

[[864]]
[1] 3903974

[[865]]
[1] 4200629

[[866]]
[1] 2251772

[[867]]
[1] 2129241

[[868]]
[1] 5277488

[[869]]
[1] 940804

[[870]]
[1] 1979096

[[871]]
[1] 20805

[[872]]
[1] 3576147

[[873]]
[1] 2293044

[[874]]
[1] 1017633

[[875]]
[1] 2835604

[[876]]
[1] 8494865

[[877]]
[1] 5748473

[[878]]
[1] 6388363

[[879]]
[1] 1888371

[[880]]
[1] 8631092

[[881]]
[1] 9892022

[[882]]
[1] 8833110

[[883]]
[1] 3014382

[[884]]
[1] 6617825

[[885]]
[1] 4092592

[[886]]
[1] 9227445

[[887]]
[1] 1771071

[[888]]
[1] 7133267

[[889]]
[1] 8323270

[[890]]
[1] 591141

[[891]]
[1] 459082

[[892]]
[1] 3778447

[[893]]
[1] 1345401

[[894]]
[1] 259972

[[895]]
[1] 7386562

[[896]]
[1] 5856776

[[897]]
[1] 9149761

[[898]]
[1] 3484168

[[899]]
[1] 7093385

[[900]]
[1] 2413737

[[901]]
[1] 6474452

[[902]]
[1] 2984203

[[903]]
[1] 2503727

[[904]]
[1] 226653

[[905]]
[1] 5922513

[[906]]
[1] 9150660

[[907]]
[1] 1919833

[[908]]
[1] 7669404

[[909]]
[1] 2379736

[[910]]
[1] 8957524

[[911]]
[1] 9297144

[[912]]
[1] 7058994

[[913]]
[1] 8623924

[[914]]
[1] 9101106

[[915]]
[1] 2414703

[[916]]
[1] 2578811

[[917]]
[1] 7947866

[[918]]
[1] 9893507

[[919]]
[1] 8600168

[[920]]
[1] 3282971

[[921]]
[1] 3089293

[[922]]
[1] 9586342

[[923]]
[1] 9528144

[[924]]
[1] 4010405

[[925]]
[1] 9569694

[[926]]
[1] 2009008

[[927]]
[1] 9041444

[[928]]
[1] 3729789

[[929]]
[1] 4314812

[[930]]
[1] 7540012

[[931]]
[1] 6038797

[[932]]
[1] 8284652

[[933]]
[1] 3700989

[[934]]
[1] 8241010

[[935]]
[1] 1815905

[[936]]
[1] 7332200

[[937]]
[1] 1205822

[[938]]
[1] 2423106

[[939]]
[1] 9874082

[[940]]
[1] 9718667

[[941]]
[1] 1866060

[[942]]
[1] 9723742

[[943]]
[1] 5346627

[[944]]
[1] 2030721

[[945]]
[1] 7343218

[[946]]
[1] 7844176

[[947]]
[1] 5392013

[[948]]
[1] 2278847

[[949]]
[1] 4374941

[[950]]
[1] 7303819

[[951]]
[1] 243648

[[952]]
[1] 3249302

[[953]]
[1] 518582

[[954]]
[1] 209446

[[955]]
[1] 7067262

[[956]]
[1] 8249983

[[957]]
[1] 1897498

[[958]]
[1] 2139734

[[959]]
[1] 8815225

[[960]]
[1] 7696880

[[961]]
[1] 3242069

[[962]]
[1] 9474628

[[963]]
[1] 7214051

[[964]]
[1] 5256680

[[965]]
[1] 7380675

[[966]]
[1] 2900983

[[967]]
[1] 2972892

[[968]]
[1] 9450711

[[969]]
[1] 6852159

[[970]]
[1] 9314902

[[971]]
[1] 8496322

[[972]]
[1] 5787728

[[973]]
[1] 9938054

[[974]]
[1] 6340211

[[975]]
[1] 7956462

[[976]]
[1] 9451343

[[977]]
[1] 2350250

[[978]]
[1] 6984467

[[979]]
[1] 2956950

[[980]]
[1] 7646977

[[981]]
[1] 863403

[[982]]
[1] 473438

[[983]]
[1] 9107383

[[984]]
[1] 4457204

[[985]]
[1] 4219379

[[986]]
[1] 6006388

[[987]]
[1] 2297234

[[988]]
[1] 4904308

[[989]]
[1] 5411662

[[990]]
[1] 5806758

[[991]]
[1] 6893674

[[992]]
[1] 7948112

[[993]]
[1] 8064278

[[994]]
[1] 5017389

[[995]]
[1] 6100616

[[996]]
[1] 6968578

[[997]]
[1] 7581343

[[998]]
[1] 9312964

[[999]]
[1] 5510863

[[1000]]
[1] 9848988

 [ reached getOption("max.print") -- omitted 57500 entries ]
